1,-2266.051342
2,-2266.051342
3,-2266.051342
4,-2266.051342
5,-2266.051342
6,-2266.051342
7,-2266.059618
8,-2266.059618
9,-2266.059618
10,-2266.059618
11,-2266.059618
12,-2266.059618
13,-2266.242825
14,-2266.242825
15,-2266.242825
16,-2266.242825
17,-2266.242825
18,-2266.242825
19,-2266.251102
20,-2266.251102
21,-2266.251102
22,-2266.251102
23,-2266.251102
24,-2266.251102
25,-2266.613832
26,-2266.613832
27,-2266.613832
28,-2266.613832
29,-2266.613832
30,-2266.613832
31,-2266.622108
32,-2266.622108
33,-2266.622108
34,-2266.622108
35,-2266.622108
36,-2266.622108
37,-2266.801405
38,-2266.801405
39,-2266.801405
40,-2266.801405
41,-2266.801405
42,-2266.801405
43,-2266.805315
44,-2266.805315
45,-2266.805315
46,-2266.805315
47,-2266.805315
48,-2266.805315
49,-2266.809681
50,-2266.809681
51,-2266.809681
52,-2266.809681
53,-2266.809681
54,-2266.809681
55,-2266.813592
56,-2266.813592
57,-2266.813592
58,-2266.813592
59,-2266.813592
60,-2266.813592
61,-2266.824350
62,-2266.824350
63,-2266.824350
64,-2266.824350
65,-2266.824350
66,-2266.824350
67,-2266.992888
68,-2266.992888
69,-2266.992888
70,-2266.992888
71,-2266.992888
72,-2266.992888
73,-2267.001164
74,-2267.001164
75,-2267.001164
76,-2267.001164
77,-2267.001164
78,-2267.001164
79,-2267.015834
80,-2267.015834
81,-2267.015834
82,-2267.015834
83,-2267.015834
84,-2267.015834
85,-2267.088245
86,-2267.088245
87,-2267.088245
88,-2267.088245
89,-2267.088245
90,-2267.088245
91,-2267.096521
92,-2267.096521
93,-2267.096521
94,-2267.096521
95,-2267.096521
96,-2267.096521
97,-2267.208128
98,-2267.208128
99,-2267.208128
100,-2267.208128
