1,-2677.398442
2,-2677.398442
3,-2677.398442
4,-2677.405351
5,-2677.405351
6,-2677.405351
7,-2677.411633
8,-2677.411633
9,-2677.411633
10,-2677.418542
11,-2677.418542
12,-2677.418542
13,-2677.663926
14,-2677.663926
15,-2677.663926
16,-2677.663926
17,-2677.663926
18,-2677.670835
19,-2677.670835
20,-2677.670835
21,-2677.670835
22,-2677.670835
23,-2677.677116
24,-2677.677116
25,-2677.677116
26,-2677.677116
27,-2677.677116
28,-2677.684025
29,-2677.684025
30,-2677.684025
31,-2677.684025
32,-2677.684025
33,-2678.076324
34,-2678.076324
35,-2678.076324
36,-2678.083233
37,-2678.083233
38,-2678.083233
39,-2678.089515
40,-2678.089515
41,-2678.089515
42,-2678.096424
43,-2678.096424
44,-2678.096424
45,-2678.287157
46,-2678.287157
47,-2678.287157
48,-2678.294066
49,-2678.294066
50,-2678.294066
51,-2678.300348
52,-2678.300348
53,-2678.300348
54,-2678.302754
55,-2678.302754
56,-2678.302754
57,-2678.307257
58,-2678.307257
59,-2678.307257
60,-2678.309663
61,-2678.309663
62,-2678.309663
63,-2678.311738
64,-2678.311738
65,-2678.311738
66,-2678.318647
67,-2678.318647
68,-2678.318647
69,-2678.341807
70,-2678.341807
71,-2678.341807
72,-2678.341807
73,-2678.341807
74,-2678.348716
75,-2678.348716
76,-2678.348716
77,-2678.348716
78,-2678.348716
79,-2678.351739
80,-2678.351739
81,-2678.351739
82,-2678.351739
83,-2678.351739
84,-2678.351739
85,-2678.351739
86,-2678.351739
87,-2678.351739
88,-2678.354998
89,-2678.354998
90,-2678.354998
91,-2678.354998
92,-2678.354998
93,-2678.357335
94,-2678.357335
95,-2678.357335
96,-2678.358648
97,-2678.358648
98,-2678.358648
99,-2678.358648
100,-2678.358648
